F <- c(45, 77, 20, 19, 101, 120, 212)
C <- 5/9 * (F - 32)
