F <- c(32, 68, 14, 0, 113, 104, 198)
C <- 5/9 * (F - 32)
